1|0|6|1|3|u|0|_|a|6|1|3
1|0|5|7|7|u|0|_|a|5|7|7
1|0|5|4|5|u|0|_|a|5|4|5
1-0-3-0-3-u-0-_-a-3-0-3
1|0|3|3|0|u|0|_|a|3|3|0  30
1|0|2|8|0|u|0|_|a|2|8|0
1|0|2|7|0|u|0|_|a|2|7|0
1|0|1|7|9|u|0|_|a|1|7|9
1|1|1|2|0|u|0|_|a|1|1|2|0  30
1|0|7|3|6|u|0|_|a|7|3|6
1|0|5|4|8|u|0|_|a|5|4|8   3
1|0|2|6|9|u|0|_|a|2|6|9   3
1|0|2|7|3|u|0|_|a|2|7|3   3
1|0|9|4|2|u|0|_|a|9|4|2   3
1|0|7|1|7|u|0|_|a|7|1|7   3
1|1|0|9|4|u|0|_|a|1|0|9|4 30
1|1|0|9|4|u|0|_|a|1|0|9|4
1|0|2|7|6|u|0|_|a|2|7|6   3
1|0|2|5|3|u|0|_|a|2|5|3   1
